pincode,officename,officeType,Deliverystatus,divisionname,regionname,circlename,Taluk,Districtname,statename
125101,Asa Khera B.O,B.O,Delivery,Hissar,Ambala  HQ,Haryana,,Sirsa,HARYANA
125101,Chautala S.O,S.O,Delivery,Hissar,Ambala  HQ,Haryana,Sirsa,Sirsa,HARYANA
125101,Janowala Bishnolan B.O,B.O,Delivery,Hissar,Ambala  HQ,Haryana,,Sirsa,HARYANA
